------- ----------------- 10 10 2999 ------ 123456789
M.Stabilny lozko1 23 07 2020 43413341232 32
M.Pilny lozko2 18 05 2020 23462354 236243
K.Pilna lozko3 02 07 2020 88888888888 888888
K.Stabilna lozko4 04 05 2020 34324324324 312312
M.Stabilny lozko5 08 07 2020 43243412321 24
M.Pilny lozko6 27 05 2020 23534643 236345
K.Stabilna lozko7 29 04 2020 23513251 236135
K.Pilna lozko8 15 06 2020 77777777777 777777
M.Niepelnosprawny lozko10 23 12 2020 64352342564 65
K.Niepelnosprawna lozko11 02 12 2020 51691651561 515165
